100 3 50
30
23 1 4 120 50 4 5
24 1 4 120 50 4 5
25 1 4 120 50 4 5
25 1 4 120 50 4 5
25 1 4 120 50 4 5
25 1 4 120 50 4 5
25 1 4 120 50 4 5
25 1 4 120 50 4 5
25 1 4 120 50 4 5
25 1 4 120 50 4 5
23 0 4 12 5 4 5
24 0 4 12 5 4 5
25 0 4 12 5 4 5
25 0 4 12 5 4 5
25 0 4 12 5 4 5
25 0 4 12 5 4 5
25 0 4 12 5 4 5
25 0 4 12 5 4 5
25 0 4 12 5 4 5
25 0 4 12 5 4 5
23 2 4 12 50 4 5
24 2 4 12 50 4 5
25 2 4 12 50 4 5
25 2 4 12 50 4 5
25 2 4 12 50 4 5
25 2 4 12 50 4 5
25 2 4 12 50 4 5
25 2 4 12 50 4 5
25 2 4 12 50 4 5
25 2 4 12 50 4 5