2000 30 70
30
0 1  4  2 0 1 1
1 1  4  4 1 2 2
2 2  1  4 0 1 5
3 1  6  6 4 3 5
4 0  6  5 5 1 3
5 1  6  4 4 2 2
6 2  8  6 5 3 5
7 0  6  3 0 1 5
8 2  4  0 4 2 3
9 2  2  3 0 1 2
10 2  4  1 4 3 1
11 0  5  0 3 2 2
12 0  6  0 5 2 2
13 0  5  3 1 1 2
14 2  5  4 5 1 4
15 1  6  4 1 1 4
16 1  4  5 1 3 3
17 0  9  1 1 2 5
18 0  1  3 0 2 4
19 0  7  1 5 3 4
20 0  3  4 2 3 1
21 2  5  5 3 3 3
22 2  9  5 1 3 5
23 0  5  1 1 2 4
24 2  1  5 4 2 2
25 1  7  2 1 2 2
26 0  4  4 5 3 5
27 0  9  1 0 1 3
28 2  8  0 3 1 1
29 2  1  2 2 2 2
