2500 200 140
280
0 2  5  9 27 1 9
1 1  8  8 14 5 16
2 0  17  10 9 4 18
3 1  15  6 6 5 18
4 1  3  17 19 1 4
5 2  7  9 17 3 11
6 0  9  1 9 5 15
7 0  12  4 30 1 15
8 0  3  12 29 3 16
9 1  11  4 15 4 17
10 2  8  20 18 4 13
11 0  3  5 1 1 16
12 2  15  11 19 4 19
13 0  3  7 24 4 15
14 0  6  12 21 5 10
15 2  5  8 23 5 5
16 2  2  2 4 5 20
17 2  10  2 17 4 9
18 1  3  18 26 5 8
19 1  3  7 19 4 20
20 0  5  6 23 1 17
21 2  12  4 17 4 17
22 1  11  17 28 2 5
23 2  15  9 1 4 19
24 1  3  1 21 4 10
25 2  15  9 23 4 7
26 1  15  13 20 3 7
27 0  6  13 28 3 20
28 0  19  7 13 1 10
29 1  8  6 8 1 11
30 2  4  16 14 3 10
31 1  1  4 8 5 7
32 0  11  2 15 5 18
33 2  2  5 6 2 10
34 0  5  1 4 2 14
35 0  7  9 28 4 8
36 1  14  1 26 2 16
37 1  11  19 2 4 4
38 1  3  19 19 3 8
39 0  11  5 21 1 17
40 1  13  14 27 5 9
41 0  20  8 18 2 18
42 0  2  5 28 3 15
43 0  4  3 22 1 18
44 1  7  3 30 5 15
45 0  4  20 22 5 6
46 1  16  1 10 1 19
47 0  8  14 14 3 15
48 1  3  2 14 1 4
49 1  10  1 30 5 10
50 0  7  11 1 3 5
51 0  14  20 7 1 20
52 0  2  6 6 4 11
53 1  14  18 15 2 17
54 2  9  6 2 4 5
55 1  1  4 1 5 14
56 0  12  12 1 4 14
57 0  14  12 5 3 17
58 2  14  11 2 4 16
59 1  15  5 3 4 10
60 1  2  20 30 2 5
61 0  7  13 25 1 7
62 0  18  7 17 3 5
63 0  12  19 23 5 15
64 1  3  2 14 5 17
65 0  11  15 25 4 19
66 2  6  12 26 5 4
67 0  6  15 13 1 5
68 1  17  13 28 2 11
69 0  15  16 6 1 17
70 0  18  5 24 1 7
71 1  18  17 13 1 10
72 2  12  13 30 4 9
73 2  13  6 15 5 15
74 0  2  9 8 4 8
75 1  13  15 5 5 14
76 2  12  19 28 1 11
77 0  12  2 4 5 7
78 2  7  3 30 5 10
79 2  14  3 25 3 15
80 1  5  3 15 2 20
81 2  13  11 22 1 12
82 2  5  17 3 5 11
83 2  9  3 13 4 13
84 2  4  15 26 2 5
85 1  7  6 8 3 9
86 2  20  6 23 5 9
87 2  8  20 23 4 4
88 1  17  19 15 2 12
89 2  8  17 24 4 18
90 0  18  10 27 5 19
91 1  19  6 14 5 5
92 1  13  12 14 5 9
93 1  9  11 2 1 14
94 1  10  19 18 1 19
95 2  14  17 22 3 19
96 0  4  11 11 3 6
97 2  16  16 1 5 8
98 1  20  4 6 4 4
99 1  16  7 30 3 19
100 1  2  14 2 4 19
101 0  9  7 16 4 7
102 1  6  20 29 3 10
103 2  19  7 24 2 14
104 1  12  4 20 1 12
105 2  4  18 29 3 15
106 2  6  6 4 5 12
107 2  9  18 2 2 6
108 2  10  3 24 1 8
109 1  20  3 17 3 4
110 1  7  9 29 3 11
111 0  19  13 16 5 19
112 0  4  8 23 5 6
113 0  12  7 29 4 19
114 1  16  3 24 2 16
115 1  3  20 25 3 6
116 0  20  7 10 3 4
117 0  3  20 12 2 17
118 1  5  3 29 5 13
119 0  13  15 21 4 6
120 2  16  10 19 4 6
121 0  9  9 8 5 8
122 2  11  1 17 2 4
123 1  19  18 13 1 17
124 0  10  17 1 5 10
125 2  10  7 27 2 14
126 1  7  15 7 2 18
127 1  19  12 7 3 14
128 2  14  17 22 4 7
129 1  8  7 19 3 13
130 0  12  4 19 2 4
131 2  5  18 14 4 20
132 0  12  6 3 3 16
133 0  15  1 10 3 12
134 1  11  19 25 5 4
135 1  8  11 9 2 9
136 2  17  19 22 4 6
137 1  3  13 22 2 17
138 0  4  3 16 3 20
139 2  5  15 15 3 4
140 0  17  16 25 2 20
141 2  6  10 25 4 12
142 1  9  7 20 2 18
143 1  12  18 9 3 4
144 2  12  13 14 4 14
145 2  13  5 9 1 4
146 1  12  13 1 5 14
147 1  16  12 1 5 11
148 2  20  4 12 5 6
149 1  18  5 4 4 8
150 2  15  20 23 3 8
151 2  17  9 11 2 15
152 0  7  9 8 5 17
153 1  5  7 4 2 14
154 0  2  4 2 5 8
155 0  2  20 20 4 19
156 1  4  9 30 3 19
157 2  2  5 14 1 11
158 2  9  15 12 3 13
159 0  15  18 26 1 15
160 1  13  14 5 5 20
161 0  7  17 30 3 14
162 1  5  1 11 3 10
163 1  18  10 19 3 17
164 0  16  19 30 3 17
165 2  4  12 28 2 6
166 2  10  19 8 4 11
167 1  4  13 15 3 6
168 2  19  3 24 1 5
169 1  5  14 10 3 4
170 2  20  13 23 4 9
171 1  3  10 24 1 11
172 1  2  1 11 3 20
173 1  8  3 10 1 9
174 2  20  17 18 4 15
175 0  12  9 17 3 17
176 0  6  3 20 5 17
177 0  14  14 22 2 15
178 0  6  7 14 4 20
179 1  16  18 13 4 16
180 0  10  13 6 5 7
181 2  5  4 28 3 5
182 1  14  6 1 4 17
183 1  1  16 3 1 16
184 0  1  17 18 5 14
185 1  17  7 7 4 11
186 2  10  8 25 4 17
187 1  16  16 12 2 18
188 1  3  14 7 2 18
189 2  14  5 6 4 17
190 1  1  12 27 2 5
191 2  15  10 9 5 9
192 1  13  4 15 3 15
193 0  14  16 28 5 5
194 0  3  5 29 1 13
195 1  10  17 19 5 16
196 2  8  5 1 4 7
197 0  17  10 28 4 8
198 1  13  10 8 2 8
199 1  12  14 4 2 20
200 1  7  18 6 1 16
201 1  6  1 7 2 16
202 0  8  6 1 4 13
203 2  13  7 3 3 9
204 2  12  6 28 2 6
205 0  14  18 11 3 8
206 1  4  16 13 3 8
207 2  3  2 15 3 16
208 0  13  16 26 3 10
209 2  2  16 19 4 18
210 2  4  2 23 1 5
211 1  4  6 22 5 9
212 2  14  2 10 5 14
213 1  15  13 10 2 8
214 1  11  12 19 3 4
215 2  8  10 23 3 12
216 1  19  4 24 5 18
217 2  12  9 3 4 18
218 0  19  4 24 3 4
219 1  6  11 7 4 14
220 2  20  8 4 2 19
221 2  4  20 5 5 16
222 2  5  5 30 2 13
223 1  14  17 27 4 4
224 0  15  13 15 2 8
225 0  15  10 26 5 18
226 2  18  6 1 2 4
227 1  18  6 15 2 15
228 0  6  2 14 2 15
229 1  4  10 16 3 10
230 2  18  18 8 5 10
231 0  11  17 8 2 10
232 0  8  2 17 2 15
233 1  15  2 16 4 9
234 0  2  12 13 1 11
235 2  18  15 9 1 11
236 1  3  20 19 1 20
237 0  18  16 17 4 5
238 2  9  15 14 3 16
239 0  6  18 1 5 15
240 2  14  2 25 2 6
241 2  17  5 29 1 7
242 1  13  5 20 4 16
243 0  3  12 30 1 5
244 2  14  12 24 5 14
245 1  16  8 18 4 8
246 1  20  5 23 5 9
247 0  11  18 22 5 20
248 2  7  4 23 1 4
249 2  10  10 18 4 8
250 1  17  11 14 3 12
251 1  15  20 20 4 16
252 2  14  1 25 1 9
253 0  14  8 12 1 19
254 1  15  18 8 1 11
255 0  8  9 30 1 11
256 0  6  8 23 2 4
257 2  16  14 24 3 20
258 0  7  3 5 5 14
259 0  16  2 26 5 5
260 1  17  16 4 1 11
261 0  7  13 12 2 7
262 1  9  10 20 2 12
263 2  1  10 27 4 18
264 0  10  7 22 5 20
265 2  14  10 4 3 8
266 1  17  2 11 1 18
267 2  11  1 20 3 17
268 1  8  17 20 5 17
269 2  10  16 28 4 7
270 1  16  18 1 2 18
271 0  16  19 11 1 17
272 0  15  13 15 2 16
273 2  4  1 3 2 17
274 0  18  8 21 4 15
275 1  13  4 6 5 14
276 1  4  18 8 4 16
277 2  17  1 4 4 13
278 2  11  8 27 1 15
279 2  16  20 8 3 19
