400 15 14
150
0 2  5  3 7 1 8
1 1  2  1 3 2 10
2 0  2  2 1 2 4
3 0  5  1 1 1 6
4 2  5  3 2 3 9
5 1  1  5 1 1 9
6 0  1  4 5 1 8
7 2  5  4 3 2 4
8 2  1  5 7 2 9
9 0  1  3 1 1 6
10 2  4  3 7 3 4
11 2  1  4 3 2 9
12 0  2  2 5 3 9
13 1  3  1 4 3 6
14 0  3  2 3 3 9
15 0  4  1 5 1 8
16 0  2  1 3 2 8
17 1  5  4 1 1 10
18 2  2  1 3 3 4
19 1  1  4 2 2 4
20 2  1  5 2 3 5
21 0  1  5 4 1 7
22 0  1  3 2 1 10
23 2  5  3 6 1 7
24 1  4  5 6 3 5
25 0  2  4 5 3 5
26 1  5  4 6 1 5
27 2  4  3 1 1 10
28 0  4  4 3 3 8
29 1  2  5 2 1 7
30 0  2  3 7 1 4
31 1  2  4 6 3 5
32 2  1  3 6 3 6
33 2  4  5 7 1 8
34 0  5  5 1 3 8
35 2  5  4 1 2 8
36 1  3  2 6 2 8
37 1  5  4 5 1 4
38 0  1  4 1 2 9
39 0  2  3 7 1 10
40 1  2  1 1 3 5
41 2  3  3 7 1 4
42 0  2  3 6 2 9
43 1  5  5 6 3 9
44 0  5  2 5 1 8
45 1  4  5 1 1 7
46 2  3  1 5 1 8
47 2  3  2 2 3 6
48 0  3  5 5 2 5
49 1  4  4 7 2 5
50 1  3  2 4 2 4
51 0  4  2 3 3 5
52 1  2  5 2 1 5
53 2  5  1 6 1 8
54 2  1  4 6 2 6
55 0  5  1 4 2 8
56 0  5  3 4 1 10
57 1  1  5 7 2 7
58 2  3  2 6 2 7
59 2  5  1 3 2 10
60 0  2  5 6 3 9
61 2  4  3 7 3 8
62 0  3  2 7 1 8
63 1  3  3 7 3 8
64 1  5  4 5 1 8
65 2  5  1 3 3 8
66 1  5  5 4 2 10
67 0  1  3 3 1 4
68 1  3  4 4 2 4
69 2  4  5 6 3 7
70 0  5  5 6 3 5
71 1  2  5 7 1 6
72 0  5  1 1 1 9
73 0  2  5 7 1 7
74 1  1  1 4 2 5
75 0  3  4 2 2 5
76 1  2  2 4 1 4
77 1  5  4 7 2 6
78 2  1  2 2 2 4
79 0  5  5 6 1 5
80 2  4  5 1 3 5
81 2  1  5 4 1 10
82 0  2  5 5 3 6
83 2  4  1 5 3 4
84 2  5  2 1 3 9
85 1  4  5 1 3 10
86 0  4  1 3 3 5
87 1  4  5 1 1 10
88 1  2  1 5 1 4
89 0  5  4 1 1 6
90 2  1  1 3 1 6
91 0  3  3 2 3 7
92 2  1  4 3 1 7
93 2  1  1 2 1 6
94 1  4  2 4 1 10
95 0  3  1 6 2 6
96 0  1  3 5 3 6
97 1  1  2 3 2 7
98 2  4  1 2 2 5
99 2  4  3 4 2 8
100 1  4  4 7 2 7
101 2  1  4 3 2 5
102 1  2  5 4 2 7
103 1  5  4 4 2 8
104 0  5  2 6 3 9
105 2  2  3 7 3 8
106 0  1  1 5 2 6
107 0  5  1 2 3 4
108 1  2  3 4 2 5
109 1  1  5 1 1 8
110 2  2  4 4 2 7
111 0  4  5 1 1 8
112 0  2  3 1 1 9
113 2  3  1 5 1 4
114 1  2  1 4 1 9
115 2  5  2 5 1 6
116 1  1  4 2 2 8
117 2  5  3 4 1 4
118 2  5  1 3 1 5
119 1  3  4 4 2 4
120 2  1  1 1 2 8
121 2  5  5 4 1 4
122 0  3  5 5 2 9
123 2  1  2 6 1 9
124 1  3  2 4 1 5
125 0  3  4 4 1 7
126 2  2  4 1 2 8
127 0  3  3 2 2 10
128 2  1  3 4 1 6
129 0  3  3 2 1 9
130 0  3  3 3 1 7
131 1  2  3 4 2 8
132 2  2  4 4 1 7
133 1  3  2 6 2 6
134 1  4  1 3 3 9
135 1  2  3 2 3 10
136 2  2  1 4 2 9
137 2  2  2 4 3 9
138 1  5  1 1 1 5
139 0  5  4 6 3 4
140 0  1  4 6 3 9
141 0  4  3 7 3 6
142 1  1  1 5 2 9
143 2  4  2 7 2 8
144 0  5  2 4 2 5
145 0  3  5 7 3 7
146 1  3  2 5 2 4
147 0  4  1 6 2 5
148 1  4  2 4 2 7
149 2  2  2 3 3 5
