400 12 14
30
0 0  10  15 18 1 6
1 2  3  20 22 2 4
2 2  8  19 22 1 2
3 2  5  15 20 2 3
4 2  8  18 27 3 2
5 0  8  16 15 1 1
6 2  5  20 17 2 1
7 1  1  19 27 3 3
8 2  8  15 16 1 6
9 2  5  19 24 1 3
10 1  9  16 25 1 2
11 0  5  16 29 2 3
12 1  2  17 16 3 5
13 2  3  20 30 3 6
14 2  3  16 25 3 1
15 1  5  19 15 3 2
16 0  3  16 18 1 5
17 2  3  15 29 3 5
18 0  5  20 17 1 4
19 0  7  20 25 1 5
20 1  9  17 15 2 1
21 0  1  18 24 3 3
22 2  6  20 19 1 4
23 0  10  17 25 3 5
24 2  8  18 19 1 2
25 2  4  20 22 3 2
26 1  5  16 24 1 2
27 0  1  17 30 3 6
28 1  8  15 17 1 1
29 0  8  18 17 3 5
