600 40 14
50
0 2  19  1 2 4 4
1 1  9  1 3 4 3
2 0  10  1 5 6 4
3 0  37  1 2 6 1
4 0  10  4 2 7 2
5 2  10  2 4 10 4
6 2  26  1 1 5 3
7 2  25  4 1 9 1
8 2  8  1 2 4 1
9 0  11  1 2 4 1
10 0  30  4 3 10 2
11 0  29  2 1 6 4
12 2  16  3 5 8 1
13 0  30  1 5 6 4
14 0  12  4 5 7 1
15 2  26  2 4 9 4
16 0  34  1 3 4 1
17 1  37  4 4 4 1
18 2  28  1 4 9 2
19 2  8  3 2 4 3
20 0  7  3 3 9 2
21 2  32  2 2 5 4
22 0  3  1 5 6 1
23 1  8  1 2 6 3
24 1  32  1 5 7 2
25 0  12  3 3 10 2
26 2  2  1 4 7 3
27 1  32  1 4 4 4
28 2  30  1 2 6 1
29 1  23  4 4 5 1
30 2  5  4 2 7 2
31 0  9  4 5 5 3
32 0  1  2 1 9 4
33 0  7  4 2 5 3
34 1  39  1 3 10 1
35 1  25  4 4 10 3
36 0  28  1 2 9 3
37 1  27  1 4 5 1
38 2  2  3 3 5 3
39 1  35  4 3 8 1
40 2  21  1 1 7 1
41 0  30  2 5 7 3
42 1  1  2 5 10 2
43 1  12  3 4 6 3
44 2  39  1 4 5 1
45 0  18  1 1 7 4
46 1  1  1 5 9 2
47 0  6  2 5 4 2
48 2  10  4 1 10 4
49 1  16  1 2 5 4